name,avg_us,std_us,runs,#,N,C,H,W,h_var,w_var,seed,cuda,numel,cpu
relu__tensor_pad,169,7,88369,0/270,1,256,80,80,20.0,20.0,24,False,763392,1
relu__tensor_iter,167,4,89328,1/270,1,256,80,80,20.0,20.0,24,False,763392,1
relu__nt,179,5,83756,2/270,1,256,80,80,20.0,20.0,24,False,763392,1
relu_tensor_iter,249,8,60098,3/270,1,256,80,80,20.0,20.0,24,False,763392,1
relu_tensor_pad,249,6,60197,4/270,1,256,80,80,20.0,20.0,24,False,763392,1
relu_nt,281,7,53208,5/270,1,256,80,80,20.0,20.0,24,False,763392,1
conv2d_iter_1x1,6280,140,2389,6/270,1,256,80,80,20.0,20.0,24,False,763392,1
conv2d_pad_1x1,6212,50,2415,7/270,1,256,80,80,20.0,20.0,24,False,763392,1
conv2d_nt_1x1,6284,119,2387,8/270,1,256,80,80,20.0,20.0,24,False,763392,1
conv2d_iter_3x3,47040,1106,319,9/270,1,256,80,80,20.0,20.0,24,False,763392,1
conv2d_pad_3x3,46996,999,320,10/270,1,256,80,80,20.0,20.0,24,False,763392,1
conv2d_nt_3x3,48393,1993,310,11/270,1,256,80,80,20.0,20.0,24,False,763392,1
conv2d_iter_7x7,185805,2407,81,12/270,1,256,80,80,20.0,20.0,24,False,763392,1
conv2d_pad_7x7,186252,3511,81,13/270,1,256,80,80,20.0,20.0,24,False,763392,1
conv2d_nt_7x7,185549,4634,81,14/270,1,256,80,80,20.0,20.0,24,False,763392,1
batch_norm_tensor_iter,297,11,50360,15/270,1,256,80,80,20.0,20.0,24,False,763392,1
batch_norm_tensor_pad,281,5,53331,16/270,1,256,80,80,20.0,20.0,24,False,763392,1
batch_norm_nt,328,7,45701,17/270,1,256,80,80,20.0,20.0,24,False,763392,1
max_pool2d_tensor_iter,4174,95,3593,18/270,1,256,80,80,20.0,20.0,24,False,763392,1
max_pool2d_tensor_pad,4401,79,3408,19/270,1,256,80,80,20.0,20.0,24,False,763392,1
max_pool2d_nt,4449,87,3372,20/270,1,256,80,80,20.0,20.0,24,False,763392,1
cross_entropy_tensor_iter,9375,183,1600,21/270,1,256,80,80,20.0,20.0,24,False,763392,1
cross_entropy_tensor_pad,9366,193,1602,22/270,1,256,80,80,20.0,20.0,24,False,763392,1
cross_entropy_nt,9379,159,1600,23/270,1,256,80,80,20.0,20.0,24,False,763392,1
dropout_tensor_iter,1689,51,8878,24/270,1,256,80,80,20.0,20.0,24,False,763392,1
dropout_tensor_pad,1665,33,9005,25/270,1,256,80,80,20.0,20.0,24,False,763392,1
dropout_nt,1716,54,8740,26/270,1,256,80,80,20.0,20.0,24,False,763392,1
interpolate_tensor_iter,6951,162,2158,27/270,1,256,80,80,20.0,20.0,24,False,763392,1
interpolate_tensor_pad,8860,373,1693,28/270,1,256,80,80,20.0,20.0,24,False,763392,1
interpolate_nt,2397,237,6256,29/270,1,256,80,80,20.0,20.0,24,False,763392,1
relu__tensor_pad,259,11,57796,30/270,1,256,80,80,10.0,10.0,24,False,1171200,1
relu__tensor_iter,255,5,58627,31/270,1,256,80,80,10.0,10.0,24,False,1171200,1
relu__nt,267,6,55990,32/270,1,256,80,80,10.0,10.0,24,False,1171200,1
relu_tensor_iter,378,10,39594,33/270,1,256,80,80,10.0,10.0,24,False,1171200,1
relu_tensor_pad,379,10,39549,34/270,1,256,80,80,10.0,10.0,24,False,1171200,1
relu_nt,411,10,36423,35/270,1,256,80,80,10.0,10.0,24,False,1171200,1
conv2d_iter_1x1,9389,210,1598,36/270,1,256,80,80,10.0,10.0,24,False,1171200,1
conv2d_pad_1x1,9376,232,1600,37/270,1,256,80,80,10.0,10.0,24,False,1171200,1
conv2d_nt_1x1,9342,119,1606,38/270,1,256,80,80,10.0,10.0,24,False,1171200,1
conv2d_iter_3x3,78242,612,192,39/270,1,256,80,80,10.0,10.0,24,False,1171200,1
conv2d_pad_3x3,78111,530,193,40/270,1,256,80,80,10.0,10.0,24,False,1171200,1
conv2d_nt_3x3,79205,2466,190,41/270,1,256,80,80,10.0,10.0,24,False,1171200,1
conv2d_iter_7x7,332040,4887,46,42/270,1,256,80,80,10.0,10.0,24,False,1171200,1
conv2d_pad_7x7,334519,8707,45,43/270,1,256,80,80,10.0,10.0,24,False,1171200,1
conv2d_nt_7x7,330529,1120,46,44/270,1,256,80,80,10.0,10.0,24,False,1171200,1
batch_norm_tensor_iter,438,34,34199,45/270,1,256,80,80,10.0,10.0,24,False,1171200,1
batch_norm_tensor_pad,419,10,35721,46/270,1,256,80,80,10.0,10.0,24,False,1171200,1
batch_norm_nt,465,11,32249,47/270,1,256,80,80,10.0,10.0,24,False,1171200,1
max_pool2d_tensor_iter,6196,106,2421,48/270,1,256,80,80,10.0,10.0,24,False,1171200,1
max_pool2d_tensor_pad,6574,147,2282,49/270,1,256,80,80,10.0,10.0,24,False,1171200,1
max_pool2d_nt,6582,60,2279,50/270,1,256,80,80,10.0,10.0,24,False,1171200,1
cross_entropy_tensor_iter,14148,171,1061,51/270,1,256,80,80,10.0,10.0,24,False,1171200,1
cross_entropy_tensor_pad,14167,149,1059,52/270,1,256,80,80,10.0,10.0,24,False,1171200,1
cross_entropy_nt,14336,253,1047,53/270,1,256,80,80,10.0,10.0,24,False,1171200,1
dropout_tensor_iter,2562,63,5855,54/270,1,256,80,80,10.0,10.0,24,False,1171200,1
dropout_tensor_pad,2526,25,5937,55/270,1,256,80,80,10.0,10.0,24,False,1171200,1
dropout_nt,2589,70,5792,56/270,1,256,80,80,10.0,10.0,24,False,1171200,1
interpolate_tensor_iter,7746,159,1937,57/270,1,256,80,80,10.0,10.0,24,False,1171200,1
interpolate_tensor_pad,9853,407,1523,58/270,1,256,80,80,10.0,10.0,24,False,1171200,1
interpolate_nt,3587,325,4182,59/270,1,256,80,80,10.0,10.0,24,False,1171200,1
relu__tensor_pad,360,13,41603,60/270,1,256,80,80,0.0,0.0,24,False,1638400,1
relu__tensor_iter,358,8,41874,61/270,1,256,80,80,0.0,0.0,24,False,1638400,1
relu__nt,370,9,40447,62/270,1,256,80,80,0.0,0.0,24,False,1638400,1
relu_tensor_iter,526,15,28509,63/270,1,256,80,80,0.0,0.0,24,False,1638400,1
relu_tensor_pad,528,13,28402,64/270,1,256,80,80,0.0,0.0,24,False,1638400,1
relu_nt,560,14,26739,65/270,1,256,80,80,0.0,0.0,24,False,1638400,1
conv2d_iter_1x1,12641,287,1187,66/270,1,256,80,80,0.0,0.0,24,False,1638400,1
conv2d_pad_1x1,12598,271,1191,67/270,1,256,80,80,0.0,0.0,24,False,1638400,1
conv2d_nt_1x1,12695,325,1182,68/270,1,256,80,80,0.0,0.0,24,False,1638400,1
conv2d_iter_3x3,106021,1077,142,69/270,1,256,80,80,0.0,0.0,24,False,1638400,1
conv2d_pad_3x3,106103,1485,142,70/270,1,256,80,80,0.0,0.0,24,False,1638400,1
conv2d_nt_3x3,107698,3198,140,71/270,1,256,80,80,0.0,0.0,24,False,1638400,1
conv2d_iter_7x7,462843,4809,33,72/270,1,256,80,80,0.0,0.0,24,False,1638400,1
conv2d_pad_7x7,473881,21047,32,73/270,1,256,80,80,0.0,0.0,24,False,1638400,1
conv2d_nt_7x7,460957,1540,33,74/270,1,256,80,80,0.0,0.0,24,False,1638400,1
batch_norm_tensor_iter,575,23,26050,75/270,1,256,80,80,0.0,0.0,24,False,1638400,1
batch_norm_tensor_pad,565,16,26522,76/270,1,256,80,80,0.0,0.0,24,False,1638400,1
batch_norm_nt,610,15,24572,77/270,1,256,80,80,0.0,0.0,24,False,1638400,1
max_pool2d_tensor_iter,8866,84,1692,78/270,1,256,80,80,0.0,0.0,24,False,1638400,1
max_pool2d_tensor_pad,9391,91,1598,79/270,1,256,80,80,0.0,0.0,24,False,1638400,1
max_pool2d_nt,9422,97,1592,80/270,1,256,80,80,0.0,0.0,24,False,1638400,1
cross_entropy_tensor_iter,30036,859,500,81/270,1,256,80,80,0.0,0.0,24,False,1638400,1
cross_entropy_tensor_pad,24567,1417,611,82/270,1,256,80,80,0.0,0.0,24,False,1638400,1
cross_entropy_nt,24567,1373,611,83/270,1,256,80,80,0.0,0.0,24,False,1638400,1
dropout_tensor_iter,3569,81,4202,84/270,1,256,80,80,0.0,0.0,24,False,1638400,1
dropout_tensor_pad,3556,42,4218,85/270,1,256,80,80,0.0,0.0,24,False,1638400,1
dropout_nt,3887,74,3859,86/270,1,256,80,80,0.0,0.0,24,False,1638400,1
interpolate_tensor_iter,1828,85,8204,87/270,1,256,80,80,0.0,0.0,24,False,1638400,1
interpolate_tensor_pad,4906,390,3058,88/270,1,256,80,80,0.0,0.0,24,False,1638400,1
interpolate_nt,4924,394,3046,89/270,1,256,80,80,0.0,0.0,24,False,1638400,1
relu__tensor_pad,7964,117,1884,90/270,4,256,80,80,20.0,20.0,24,False,9984256,1
relu__tensor_iter,4317,50,3475,91/270,4,256,80,80,20.0,20.0,24,False,9984256,1
relu__nt,4385,57,3421,92/270,4,256,80,80,20.0,20.0,24,False,9984256,1
relu_tensor_iter,8185,310,1833,93/270,4,256,80,80,20.0,20.0,24,False,9984256,1
relu_tensor_pad,13256,637,1132,94/270,4,256,80,80,20.0,20.0,24,False,9984256,1
relu_nt,8325,443,1802,95/270,4,256,80,80,20.0,20.0,24,False,9984256,1
conv2d_iter_1x1,82778,2632,182,96/270,4,256,80,80,20.0,20.0,24,False,9984256,1
conv2d_pad_1x1,133892,799,113,97/270,4,256,80,80,20.0,20.0,24,False,9984256,1
conv2d_nt_1x1,82467,1423,182,98/270,4,256,80,80,20.0,20.0,24,False,9984256,1
conv2d_iter_3x3,670282,2143,23,99/270,4,256,80,80,20.0,20.0,24,False,9984256,1
conv2d_pad_3x3,1113647,4050,14,100/270,4,256,80,80,20.0,20.0,24,False,9984256,1
conv2d_nt_3x3,678027,18855,23,101/270,4,256,80,80,20.0,20.0,24,False,9984256,1
conv2d_iter_7x7,3122158,28049,5,102/270,4,256,80,80,20.0,20.0,24,False,9984256,1
conv2d_pad_7x7,5247061,9950,3,103/270,4,256,80,80,20.0,20.0,24,False,9984256,1
conv2d_nt_7x7,3102346,58553,5,104/270,4,256,80,80,20.0,20.0,24,False,9984256,1
batch_norm_tensor_iter,8425,720,1781,105/270,4,256,80,80,20.0,20.0,24,False,9984256,1
batch_norm_tensor_pad,13450,162,1116,106/270,4,256,80,80,20.0,20.0,24,False,9984256,1
batch_norm_nt,8520,123,1761,107/270,4,256,80,80,20.0,20.0,24,False,9984256,1
max_pool2d_tensor_iter,54581,1424,275,108/270,4,256,80,80,20.0,20.0,24,False,9984256,1
max_pool2d_tensor_pad,74430,1759,202,109/270,4,256,80,80,20.0,20.0,24,False,9984256,1
max_pool2d_nt,57726,1090,260,110/270,4,256,80,80,20.0,20.0,24,False,9984256,1
cross_entropy_tensor_iter,170381,972,89,111/270,4,256,80,80,20.0,20.0,24,False,9984256,1
cross_entropy_tensor_pad,294320,3838,51,112/270,4,256,80,80,20.0,20.0,24,False,9984256,1
cross_entropy_nt,170370,1155,89,113/270,4,256,80,80,20.0,20.0,24,False,9984256,1
dropout_tensor_iter,29135,1773,515,114/270,4,256,80,80,20.0,20.0,24,False,9984256,1
dropout_tensor_pad,60261,3390,249,115/270,4,256,80,80,20.0,20.0,24,False,9984256,1
dropout_nt,29063,1369,517,116/270,4,256,80,80,20.0,20.0,24,False,9984256,1
interpolate_tensor_iter,51676,2493,291,117/270,4,256,80,80,20.0,20.0,24,False,9984256,1
interpolate_tensor_pad,83538,1807,180,118/270,4,256,80,80,20.0,20.0,24,False,9984256,1
interpolate_nt,30581,1806,491,119/270,4,256,80,80,20.0,20.0,24,False,9984256,1
relu__tensor_pad,4936,63,3039,120/270,4,256,80,80,10.0,10.0,24,False,8031744,1
relu__tensor_iter,2824,43,5311,121/270,4,256,80,80,10.0,10.0,24,False,8031744,1
relu__nt,2892,45,5186,122/270,4,256,80,80,10.0,10.0,24,False,8031744,1
relu_tensor_iter,6587,426,2278,123/270,4,256,80,80,10.0,10.0,24,False,8031744,1
relu_tensor_pad,8849,492,1696,124/270,4,256,80,80,10.0,10.0,24,False,8031744,1
relu_nt,6662,69,2252,125/270,4,256,80,80,10.0,10.0,24,False,8031744,1
conv2d_iter_1x1,66330,1575,227,126/270,4,256,80,80,10.0,10.0,24,False,8031744,1
conv2d_pad_1x1,88092,1793,171,127/270,4,256,80,80,10.0,10.0,24,False,8031744,1
conv2d_nt_1x1,66463,1914,226,128/270,4,256,80,80,10.0,10.0,24,False,8031744,1
conv2d_iter_3x3,537934,2098,28,129/270,4,256,80,80,10.0,10.0,24,False,8031744,1
conv2d_pad_3x3,725825,17853,21,130/270,4,256,80,80,10.0,10.0,24,False,8031744,1
conv2d_nt_3x3,545228,17928,28,131/270,4,256,80,80,10.0,10.0,24,False,8031744,1
conv2d_iter_7x7,2443311,42400,7,132/270,4,256,80,80,10.0,10.0,24,False,8031744,1
conv2d_pad_7x7,3281569,8542,5,133/270,4,256,80,80,10.0,10.0,24,False,8031744,1
conv2d_nt_7x7,2422741,24122,7,134/270,4,256,80,80,10.0,10.0,24,False,8031744,1
batch_norm_tensor_iter,6775,482,2214,135/270,4,256,80,80,10.0,10.0,24,False,8031744,1
batch_norm_tensor_pad,9001,411,1667,136/270,4,256,80,80,10.0,10.0,24,False,8031744,1
batch_norm_nt,6828,214,2197,137/270,4,256,80,80,10.0,10.0,24,False,8031744,1
max_pool2d_tensor_iter,43589,1092,345,138/270,4,256,80,80,10.0,10.0,24,False,8031744,1
max_pool2d_tensor_pad,54042,500,278,139/270,4,256,80,80,10.0,10.0,24,False,8031744,1
max_pool2d_nt,46409,1162,324,140/270,4,256,80,80,10.0,10.0,24,False,8031744,1
cross_entropy_tensor_iter,133689,1524,113,141/270,4,256,80,80,10.0,10.0,24,False,8031744,1
cross_entropy_tensor_pad,148090,4347,102,142/270,4,256,80,80,10.0,10.0,24,False,8031744,1
cross_entropy_nt,132999,1819,113,143/270,4,256,80,80,10.0,10.0,24,False,8031744,1
dropout_tensor_iter,22475,1434,668,144/270,4,256,80,80,10.0,10.0,24,False,8031744,1
dropout_tensor_pad,39078,1052,384,145/270,4,256,80,80,10.0,10.0,24,False,8031744,1
dropout_nt,22308,791,673,146/270,4,256,80,80,10.0,10.0,24,False,8031744,1
interpolate_tensor_iter,42460,1670,354,147/270,4,256,80,80,10.0,10.0,24,False,8031744,1
interpolate_tensor_pad,62234,1452,242,148/270,4,256,80,80,10.0,10.0,24,False,8031744,1
interpolate_nt,24564,1367,611,149/270,4,256,80,80,10.0,10.0,24,False,8031744,1
relu__tensor_pad,1723,31,8704,150/270,4,256,80,80,0.0,0.0,24,False,6553600,1
relu__tensor_iter,1796,31,8348,151/270,4,256,80,80,0.0,0.0,24,False,6553600,1
relu__nt,1826,30,8211,152/270,4,256,80,80,0.0,0.0,24,False,6553600,1
relu_tensor_iter,2850,69,5263,153/270,4,256,80,80,0.0,0.0,24,False,6553600,1
relu_tensor_pad,5183,174,2894,154/270,4,256,80,80,0.0,0.0,24,False,6553600,1
relu_nt,5289,177,2836,155/270,4,256,80,80,0.0,0.0,24,False,6553600,1
conv2d_iter_1x1,50584,782,297,156/270,4,256,80,80,0.0,0.0,24,False,6553600,1
conv2d_pad_1x1,52225,949,288,157/270,4,256,80,80,0.0,0.0,24,False,6553600,1
conv2d_nt_1x1,50641,549,297,158/270,4,256,80,80,0.0,0.0,24,False,6553600,1
conv2d_iter_3x3,423789,5885,36,159/270,4,256,80,80,0.0,0.0,24,False,6553600,1
conv2d_pad_3x3,424993,3313,36,160/270,4,256,80,80,0.0,0.0,24,False,6553600,1
conv2d_nt_3x3,426411,4557,36,161/270,4,256,80,80,0.0,0.0,24,False,6553600,1
conv2d_iter_7x7,1846961,6348,9,162/270,4,256,80,80,0.0,0.0,24,False,6553600,1
conv2d_pad_7x7,1868500,50951,9,163/270,4,256,80,80,0.0,0.0,24,False,6553600,1
conv2d_nt_7x7,1841736,2350,9,164/270,4,256,80,80,0.0,0.0,24,False,6553600,1
batch_norm_tensor_iter,3022,49,4963,165/270,4,256,80,80,0.0,0.0,24,False,6553600,1
batch_norm_tensor_pad,5295,251,2833,166/270,4,256,80,80,0.0,0.0,24,False,6553600,1
batch_norm_nt,4766,73,3147,167/270,4,256,80,80,0.0,0.0,24,False,6553600,1
max_pool2d_tensor_iter,35740,552,420,168/270,4,256,80,80,0.0,0.0,24,False,6553600,1
max_pool2d_tensor_pad,38194,724,393,169/270,4,256,80,80,0.0,0.0,24,False,6553600,1
max_pool2d_nt,38001,428,395,170/270,4,256,80,80,0.0,0.0,24,False,6553600,1
cross_entropy_tensor_iter,123745,2553,122,171/270,4,256,80,80,0.0,0.0,24,False,6553600,1
cross_entropy_tensor_pad,105391,5834,143,172/270,4,256,80,80,0.0,0.0,24,False,6553600,1
cross_entropy_nt,99949,2586,151,173/270,4,256,80,80,0.0,0.0,24,False,6553600,1
dropout_tensor_iter,15672,486,958,174/270,4,256,80,80,0.0,0.0,24,False,6553600,1
dropout_tensor_pad,21973,633,683,175/270,4,256,80,80,0.0,0.0,24,False,6553600,1
dropout_nt,16160,345,929,176/270,4,256,80,80,0.0,0.0,24,False,6553600,1
interpolate_tensor_iter,7266,104,2065,177/270,4,256,80,80,0.0,0.0,24,False,6553600,1
interpolate_tensor_pad,20037,801,749,178/270,4,256,80,80,0.0,0.0,24,False,6553600,1
interpolate_nt,19931,1312,753,179/270,4,256,80,80,0.0,0.0,24,False,6553600,1
relu__tensor_pad,15943,89,941,180/270,8,256,80,80,20.0,20.0,24,False,16300544,1
relu__tensor_iter,8022,69,1870,181/270,8,256,80,80,20.0,20.0,24,False,16300544,1
relu__nt,8089,85,1855,182/270,8,256,80,80,20.0,20.0,24,False,16300544,1
relu_tensor_iter,12841,617,1169,183/270,8,256,80,80,20.0,20.0,24,False,16300544,1
relu_tensor_pad,26492,1776,567,184/270,8,256,80,80,20.0,20.0,24,False,16300544,1
relu_nt,13494,645,1112,185/270,8,256,80,80,20.0,20.0,24,False,16300544,1
conv2d_iter_1x1,135160,5347,111,186/270,8,256,80,80,20.0,20.0,24,False,16300544,1
conv2d_pad_1x1,268790,2317,56,187/270,8,256,80,80,20.0,20.0,24,False,16300544,1
conv2d_nt_1x1,133953,2664,112,188/270,8,256,80,80,20.0,20.0,24,False,16300544,1
conv2d_iter_3x3,1092269,10739,14,189/270,8,256,80,80,20.0,20.0,24,False,16300544,1
conv2d_pad_3x3,2231381,13469,7,190/270,8,256,80,80,20.0,20.0,24,False,16300544,1
conv2d_nt_3x3,1125045,43072,14,191/270,8,256,80,80,20.0,20.0,24,False,16300544,1
conv2d_iter_7x7,5087237,163387,3,192/270,8,256,80,80,20.0,20.0,24,False,16300544,1
conv2d_pad_7x7,10553690,9072,2,193/270,8,256,80,80,20.0,20.0,24,False,16300544,1
conv2d_nt_7x7,4915143,20535,4,194/270,8,256,80,80,20.0,20.0,24,False,16300544,1
batch_norm_tensor_iter,13381,999,1121,195/270,8,256,80,80,20.0,20.0,24,False,16300544,1
batch_norm_tensor_pad,27033,1838,555,196/270,8,256,80,80,20.0,20.0,24,False,16300544,1
batch_norm_nt,13847,164,1084,197/270,8,256,80,80,20.0,20.0,24,False,16300544,1
max_pool2d_tensor_iter,89035,1772,169,198/270,8,256,80,80,20.0,20.0,24,False,16300544,1
max_pool2d_tensor_pad,136822,1886,110,199/270,8,256,80,80,20.0,20.0,24,False,16300544,1
max_pool2d_nt,94279,1849,160,200/270,8,256,80,80,20.0,20.0,24,False,16300544,1
cross_entropy_tensor_iter,269347,3841,56,201/270,8,256,80,80,20.0,20.0,24,False,16300544,1
cross_entropy_tensor_pad,587467,2549,26,202/270,8,256,80,80,20.0,20.0,24,False,16300544,1
cross_entropy_nt,270571,3106,56,203/270,8,256,80,80,20.0,20.0,24,False,16300544,1
dropout_tensor_iter,47096,3934,319,204/270,8,256,80,80,20.0,20.0,24,False,16300544,1
dropout_tensor_pad,118133,879,127,205/270,8,256,80,80,20.0,20.0,24,False,16300544,1
dropout_nt,46126,2014,326,206/270,8,256,80,80,20.0,20.0,24,False,16300544,1
interpolate_tensor_iter,85305,1489,176,207/270,8,256,80,80,20.0,20.0,24,False,16300544,1
interpolate_tensor_pad,165522,1492,91,208/270,8,256,80,80,20.0,20.0,24,False,16300544,1
interpolate_nt,49885,1686,301,209/270,8,256,80,80,20.0,20.0,24,False,16300544,1
relu__tensor_pad,10628,86,1412,210/270,8,256,80,80,10.0,10.0,24,False,14427136,1
relu__tensor_iter,7053,96,2127,211/270,8,256,80,80,10.0,10.0,24,False,14427136,1
relu__nt,7083,80,2118,212/270,8,256,80,80,10.0,10.0,24,False,14427136,1
relu_tensor_iter,11525,655,1302,213/270,8,256,80,80,10.0,10.0,24,False,14427136,1
relu_tensor_pad,17676,957,849,214/270,8,256,80,80,10.0,10.0,24,False,14427136,1
relu_nt,11939,145,1257,215/270,8,256,80,80,10.0,10.0,24,False,14427136,1
conv2d_iter_1x1,119503,2234,126,216/270,8,256,80,80,10.0,10.0,24,False,14427136,1
conv2d_pad_1x1,177443,5366,85,217/270,8,256,80,80,10.0,10.0,24,False,14427136,1
conv2d_nt_1x1,120001,2933,125,218/270,8,256,80,80,10.0,10.0,24,False,14427136,1
conv2d_iter_3x3,967794,24473,16,219/270,8,256,80,80,10.0,10.0,24,False,14427136,1
conv2d_pad_3x3,1442134,11882,11,220/270,8,256,80,80,10.0,10.0,24,False,14427136,1
conv2d_nt_3x3,966339,16807,16,221/270,8,256,80,80,10.0,10.0,24,False,14427136,1
conv2d_iter_7x7,4293888,99716,4,222/270,8,256,80,80,10.0,10.0,24,False,14427136,1
conv2d_pad_7x7,6593221,59299,3,223/270,8,256,80,80,10.0,10.0,24,False,14427136,1
conv2d_nt_7x7,4227301,16688,4,224/270,8,256,80,80,10.0,10.0,24,False,14427136,1
batch_norm_tensor_iter,11899,679,1261,225/270,8,256,80,80,10.0,10.0,24,False,14427136,1
batch_norm_tensor_pad,17951,1009,836,226/270,8,256,80,80,10.0,10.0,24,False,14427136,1
batch_norm_nt,12160,95,1234,227/270,8,256,80,80,10.0,10.0,24,False,14427136,1
max_pool2d_tensor_iter,78179,1264,192,228/270,8,256,80,80,10.0,10.0,24,False,14427136,1
max_pool2d_tensor_pad,102988,404,146,229/270,8,256,80,80,10.0,10.0,24,False,14427136,1
max_pool2d_nt,83353,1847,181,230/270,8,256,80,80,10.0,10.0,24,False,14427136,1
cross_entropy_tensor_iter,241561,6046,63,231/270,8,256,80,80,10.0,10.0,24,False,14427136,1
cross_entropy_tensor_pad,296675,8791,51,232/270,8,256,80,80,10.0,10.0,24,False,14427136,1
cross_entropy_nt,241318,7087,63,233/270,8,256,80,80,10.0,10.0,24,False,14427136,1
dropout_tensor_iter,41113,3267,365,234/270,8,256,80,80,10.0,10.0,24,False,14427136,1
dropout_tensor_pad,79294,3039,190,235/270,8,256,80,80,10.0,10.0,24,False,14427136,1
dropout_nt,39964,1380,376,236/270,8,256,80,80,10.0,10.0,24,False,14427136,1
interpolate_tensor_iter,76289,877,197,237/270,8,256,80,80,10.0,10.0,24,False,14427136,1
interpolate_tensor_pad,123312,458,122,238/270,8,256,80,80,10.0,10.0,24,False,14427136,1
interpolate_nt,44079,1990,341,239/270,8,256,80,80,10.0,10.0,24,False,14427136,1
relu__tensor_pad,6308,56,2378,240/270,8,256,80,80,0.0,0.0,24,False,13107200,1
relu__tensor_iter,6332,81,2369,241/270,8,256,80,80,0.0,0.0,24,False,13107200,1
relu__nt,6421,52,2336,242/270,8,256,80,80,0.0,0.0,24,False,13107200,1
relu_tensor_iter,7653,190,1960,243/270,8,256,80,80,0.0,0.0,24,False,13107200,1
relu_tensor_pad,10747,656,1396,244/270,8,256,80,80,0.0,0.0,24,False,13107200,1
relu_nt,10874,479,1380,245/270,8,256,80,80,0.0,0.0,24,False,13107200,1
conv2d_iter_1x1,102652,3429,147,246/270,8,256,80,80,0.0,0.0,24,False,13107200,1
conv2d_pad_1x1,105591,1967,143,247/270,8,256,80,80,0.0,0.0,24,False,13107200,1
conv2d_nt_1x1,102194,2228,147,248/270,8,256,80,80,0.0,0.0,24,False,13107200,1
conv2d_iter_3x3,849129,8030,18,249/270,8,256,80,80,0.0,0.0,24,False,13107200,1
conv2d_pad_3x3,860625,23845,18,250/270,8,256,80,80,0.0,0.0,24,False,13107200,1
conv2d_nt_3x3,852553,9065,18,251/270,8,256,80,80,0.0,0.0,24,False,13107200,1
conv2d_iter_7x7,3715460,28062,5,252/270,8,256,80,80,0.0,0.0,24,False,13107200,1
conv2d_pad_7x7,3689825,5033,5,253/270,8,256,80,80,0.0,0.0,24,False,13107200,1
conv2d_nt_7x7,3726314,53941,5,254/270,8,256,80,80,0.0,0.0,24,False,13107200,1
batch_norm_tensor_iter,7954,82,1886,255/270,8,256,80,80,0.0,0.0,24,False,13107200,1
batch_norm_tensor_pad,10913,485,1375,256/270,8,256,80,80,0.0,0.0,24,False,13107200,1
batch_norm_nt,10527,198,1425,257/270,8,256,80,80,0.0,0.0,24,False,13107200,1
max_pool2d_tensor_iter,71847,1472,209,258/270,8,256,80,80,0.0,0.0,24,False,13107200,1
max_pool2d_tensor_pad,75862,1033,198,259/270,8,256,80,80,0.0,0.0,24,False,13107200,1
max_pool2d_nt,82329,4050,183,260/270,8,256,80,80,0.0,0.0,24,False,13107200,1
cross_entropy_tensor_iter,250295,10051,60,261/270,8,256,80,80,0.0,0.0,24,False,13107200,1
cross_entropy_tensor_pad,211418,10741,71,262/270,8,256,80,80,0.0,0.0,24,False,13107200,1
cross_entropy_nt,204566,4922,74,263/270,8,256,80,80,0.0,0.0,24,False,13107200,1
dropout_tensor_iter,31939,520,470,264/270,8,256,80,80,0.0,0.0,24,False,13107200,1
dropout_tensor_pad,47880,349,314,265/270,8,256,80,80,0.0,0.0,24,False,13107200,1
dropout_nt,32162,555,467,266/270,8,256,80,80,0.0,0.0,24,False,13107200,1
interpolate_tensor_iter,14730,249,1019,267/270,8,256,80,80,0.0,0.0,24,False,13107200,1
interpolate_tensor_pad,39648,595,379,268/270,8,256,80,80,0.0,0.0,24,False,13107200,1
interpolate_nt,39984,2013,376,269/270,8,256,80,80,0.0,0.0,24,False,13107200,1
